1001
1008
1009
1010
1021
1027
1029
1042
1043
105
1055
1061
1063
1065
1066
1076
109
11
1113
1117
1122
1123
1132
114
1140
1146
1149
1153
1156
1159
1175
1176
1182
1185
1207
1213
1217
1218
1219
1222
1236
125
1256
126
1261
1265
127
1270
1274
1275
1278
1284
1289
129
1295
1302
1303
1305
1314
132
1329
134
1342
1347
1354
1355
1373
1382
1390
1391
1398
1401
1402
1403
1408
141
1415
1418
1427
1434
1438
144
1443
1448
1456
1459
1461
1464
148
1484
1486
15
1503
151
1513
1531
1532
1536
1542
1548
1555
1558
1562
1563
1567
1572
1579
1589
1596
1597
1609
1618
1620
1621
1629
1633
1641
1646
1649
1655
1668
1670
1681
1682
1684
1686
1687
1693
1696
1699
1716
1718
1723
1724
1732
1733
1739
1742
1744
175
1750
1755
176
1760
1761
1763
1765
1768
1769
177
1770
1778
1785
179
1791
1793
180
1806
1812
1823
1826
1839
184
1844
186
1863
1866
1867
1870
1871
1875
1878
1886
1891
1902
1908
1915
1921
1922
1936
1941
1949
1956
1963
1968
197
1980
1986
1999
2004
2008
2019
2020
2034
2036
2055
2056
2057
2060
2064
2066
2070
2073
2074
2085
2087
209
2097
2098
2105
2109
2125
213
2136
2140
2143
2145
2155
2160
2161
2166
2167
2171
2174
2186
2188
2189
2192
22
2204
2211
2226
2235
2237
2238
2241
2248
2252
2256
2257
2260
2261
2276
2283
2286
2290
2294
2296
2302
2307
2310
2313
2314
2317
2322
2323
2324
2330
2338
2346
2349
2353
2358
2360
2361
2367
2378
2381
2394
2397
2399
2403
2406
2409
2421
2425
2427
2429
2431
2441
2442
2456
2484
2499
25
2511
2514
2525
2533
2536
2544
2571
2575
2578
2580
2582
2585
2594
260
2607
2608
2609
2617
2621
263
2634
2637
2640
2642
2643
2645
2668
2675
2681
2684
2686
2693
2699
2700
2704
2713
2725
2727
2728
2733
2735
2743
2744
2746
2749
2751
2759
2760
2761
2763
2766
2770
2773
2782
279
2794
280
2801
2802
2804
2810
2817
2824
2829
2833
2837
2841
285
2856
286
299
302
313
321
331
334
341
343
344
349
355
356
3616
3624
3633
3637
3639
3642
3645
3647
3649
365
3650
3651
3653
3654
3655
366
3660
3665
3668
3669
3674
3676
3679
372
377
385
386
388
390
392
394
399
410
414
415
416
418
422
423
427
43
447
449
456
459
461
476
477
482
489
490
497
498
503
512
519
522
525
529
53
531
536
537
539
545
549
553
555
563
565
570
572
576
578
581
582
585
588
598
607
609
610
611
615
616
629
630
632
643
656
665
666
677
686
693
697
70
708
710
713
719
72
720
723
729
746
748
749
750
751
755
757
762
764
766
77
775
779
783
788
79
793
833
835
836
839
840
855
87
874
876
879
885
886
891
905
912
916
918
924
925
926
958
97
984
987
992
997
