1
10
100
1000
1001
1003
1004
1005
1006
1008
1009
1010
1011
1014
1016
1017
1018
1019
102
1020
1021
1026
1027
1028
1029
1030
1031
1032
1033
1035
1036
1038
1040
1041
1042
1043
1044
1045
1046
1047
1048
105
1051
1052
1054
1055
1058
1059
106
1061
1062
1063
1064
1065
1066
107
1071
1072
1075
1076
1077
1078
1079
1082
1084
1085
1086
1087
109
1090
1092
1095
1097
1098
1099
11
110
1100
1101
1104
1106
1107
1109
111
1110
1111
1113
1114
1116
1117
1118
1119
1120
1121
1122
1123
1124
1126
1127
1128
113
1132
1133
1136
1139
114
1140
1141
1142
1143
1145
1146
1147
1149
115
1151
1153
1155
1156
1158
1159
1160
1161
1162
1163
1166
1167
1169
117
1170
1171
1172
1175
1176
1177
1178
1179
1182
1183
1185
1186
1187
1189
1190
1191
1192
1194
1195
1197
1199
12
120
1200
1203
1205
1206
1207
1208
1209
1210
1212
1213
1214
1215
1217
1218
1219
122
1220
1221
1222
1225
1226
1228
1232
1233
1236
1237
1239
124
1240
1242
1243
1244
1245
1246
1247
1248
1249
125
1250
1253
1254
1255
1256
1257
1259
126
1261
1262
1263
1264
1265
1266
1268
1269
127
1270
1271
1274
1275
1277
1278
128
1280
1281
1284
1285
1288
1289
129
1291
1294
1295
1296
1297
1299
13
130
1300
1301
1302
1303
1305
1307
1308
1309
131
1310
1311
1314
1315
1316
1317
1319
132
1320
1322
1326
1327
1328
1329
133
1332
1333
1334
1335
1337
1338
1339
134
1340
1341
1342
1343
1345
1347
1348
1349
135
1351
1352
1353
1354
1355
1356
1360
1361
1363
1365
1366
1367
1370
1373
1374
1376
138
1380
1382
1383
1384
1385
1387
1388
1389
139
1390
1391
1392
1393
1396
1397
1398
1399
140
1400
1401
1402
1403
1404
1405
1406
1408
141
1410
1411
1415
1416
1417
1418
1420
1421
1422
1423
1424
1426
1427
1429
1430
1431
1432
1433
1434
1436
1437
1438
1439
144
1440
1441
1443
1444
1448
1449
145
1450
1452
1453
1455
1456
1457
1459
1460
1461
1462
1463
1464
1465
1466
1467
1468
1469
147
1471
1472
1473
1474
1475
1476
1477
1478
1479
148
1481
1482
1484
1485
1486
1487
1489
1492
1493
1494
1495
1497
1498
1499
15
150
1500
1502
1503
1504
1507
1509
151
1512
1513
1515
1516
1517
152
1521
1526
1528
1529
1531
1532
1536
1538
154
1541
1542
1543
1544
1545
1547
1548
1549
155
1553
1554
1555
1556
1557
1558
1559
1560
1561
1562
1563
1565
1566
1567
1568
157
1571
1572
1573
1574
1575
1576
1579
158
1581
1583
1585
1587
1589
1590
1591
1592
1593
1596
1597
1598
1599
160
1600
1602
1604
1605
1606
1607
1609
161
1610
1612
1613
1614
1615
1617
1618
1620
1621
1622
1623
1624
1625
1626
1628
1629
1630
1632
1633
1634
1635
1636
1638
1639
1641
1643
1645
1646
1647
1648
1649
165
1650
1651
1652
1653
1655
1656
1659
166
1661
1662
1664
1665
1667
1668
1669
1670
1674
1676
1679
168
1681
1682
1683
1684
1686
1687
1688
1689
1692
1693
1694
1696
1699
17
170
1700
1701
1703
1707
1708
1709
1710
1711
1712
1716
1717
1718
1719
172
1720
1721
1722
1723
1724
1725
1727
1729
173
1732
1733
1735
1737
1738
1739
1742
1744
175
1750
1752
1753
1754
1755
1757
1759
176
1760
1761
1763
1764
1765
1766
1768
1769
177
1770
1771
1773
1774
1775
1778
1781
1782
1783
1785
1787
1788
1789
179
1790
1791
1793
1794
1795
1796
1798
18
180
1801
1802
1803
1804
1806
1807
1810
1812
1813
1816
1818
182
1821
1823
1824
1826
1827
1829
183
1832
1834
1835
1836
1837
1838
1839
184
1840
1842
1843
1844
1845
1848
1849
185
1851
1852
1853
1854
1855
1857
1859
186
1861
1862
1863
1864
1866
1867
1868
1869
187
1870
1871
1873
1874
1875
1878
188
1881
1882
1886
1887
1888
1890
1891
1892
1896
1898
1900
1901
1902
1904
1905
1906
1908
1909
191
1910
1911
1912
1913
1914
1915
1916
1919
1920
1921
1922
1923
1924
1928
193
1933
1934
1936
194
1940
1941
1942
1944
1945
1946
1949
195
1953
1956
1958
1959
196
1960
1961
1962
1963
1964
1966
1968
1969
197
1971
1973
1975
1977
1978
1980
1982
1983
1985
1986
1987
1993
1994
1996
1997
1998
1999
20
200
2002
2003
2004
2006
2008
2009
201
2010
2011
2012
2013
2016
2017
2019
202
2020
2021
2023
2024
2025
2028
2029
203
2031
2033
2034
2036
2037
2039
204
2043
2045
2046
2047
2048
2050
2052
2054
2055
2056
2057
206
2060
2061
2062
2064
2065
2066
2070
2072
2073
2074
2075
2076
2077
2078
2079
208
2081
2082
2083
2084
2085
2087
2089
209
2094
2096
2097
2098
210
2100
2101
2102
2103
2105
2106
2108
2109
211
2110
2111
2114
2116
2119
212
2120
2122
2123
2124
2125
2128
2129
213
2130
2131
2132
2136
2137
2138
2140
2141
2142
2143
2145
2146
2148
215
2150
2152
2154
2155
2156
2157
2158
216
2160
2161
2162
2164
2166
2167
217
2170
2171
2173
2174
2175
2177
2178
2180
2181
2182
2183
2184
2186
2187
2188
2189
219
2192
2196
2197
2199
22
220
2202
2203
2204
2205
2206
2211
2217
2219
222
2220
2222
2225
2226
2227
223
2232
2233
2234
2235
2237
2238
2240
2241
2243
2244
2245
2247
2248
2249
225
2250
2251
2252
2253
2255
2256
2257
226
2260
2261
2263
2268
2272
2273
2274
2276
2277
2279
228
2283
2286
2289
2290
2291
2292
2293
2294
2296
2298
23
2300
2302
2306
2307
2308
2310
2312
2313
2314
2315
2316
2317
2318
2319
232
2320
2322
2323
2324
2325
2326
2328
2329
2330
2334
2335
2336
2338
2339
234
2343
2344
2345
2346
2349
2350
2353
2357
2358
2359
236
2360
2361
2362
2365
2366
2367
2368
237
2370
2371
2376
2378
2379
238
2380
2381
2385
2388
2389
239
2391
2393
2394
2395
2396
2397
2399
24
240
2400
2403
2404
2405
2406
2408
2409
241
2412
2413
2415
2416
2417
242
2421
2422
2425
2426
2427
2429
243
2430
2431
2432
2434
2436
2437
244
2440
2441
2442
2443
2445
2447
2449
245
2451
2454
2456
2457
2459
246
2461
2464
2467
2468
247
2470
2471
2472
2473
2476
2481
2484
2488
2489
2490
2491
2498
2499
25
250
2500
2502
2506
2508
251
2511
2513
2514
2517
2518
2520
2522
2524
2525
2526
2527
253
2533
2535
2536
2537
254
2540
2544
2551
2553
2557
2559
2566
2568
2569
257
2570
2571
2572
2575
2576
2577
2578
2579
258
2580
2581
2582
2583
2584
2585
2586
2589
259
2590
2591
2592
2593
2594
2595
2596
2597
2598
2599
26
260
2603
2605
2607
2608
2609
261
2610
2611
2613
2614
2615
2616
2617
2618
2619
262
2620
2621
2622
2623
2624
2625
2626
2627
2628
2629
263
2630
2632
2634
2637
2638
2639
264
2640
2641
2642
2643
2644
2645
2646
2647
2648
2649
265
2650
2651
2652
2653
2654
2655
2656
2658
2662
2663
2665
2666
2667
2668
2669
2670
2671
2673
2674
2675
2676
2677
2678
2679
268
2681
2682
2683
2684
2686
2688
2689
269
2690
2691
2692
2693
2694
2695
2696
2697
2698
2699
270
2700
2702
2703
2704
2705
2706
2707
2708
2709
2710
2711
2712
2713
2714
2715
2716
2717
2718
272
2720
2721
2722
2723
2724
2725
2726
2727
2728
2729
2730
2731
2732
2733
2734
2735
2736
2737
2738
274
2740
2741
2742
2743
2744
2745
2746
2747
2748
2749
275
2751
2752
2753
2754
2755
2756
2757
2758
2759
276
2760
2761
2762
2763
2764
2765
2766
2767
2768
2769
277
2770
2771
2772
2773
2774
2775
2776
2777
2779
278
2780
2781
2782
2783
2784
2785
2786
2787
2788
2789
279
2790
2791
2792
2793
2794
2795
2796
2797
2798
2799
28
280
2800
2801
2802
2803
2804
2805
2806
2807
2808
2809
2810
2811
2812
2813
2814
2815
2816
2817
2818
2819
2820
2822
2823
2824
2825
2826
2827
2829
2830
2831
2832
2833
2835
2836
2837
2838
2839
2840
2841
2842
2843
2844
2845
2846
2848
2849
285
2851
2852
2854
2855
2856
2857
2858
2859
286
2860
2861
2862
2864
2865
2866
2868
2869
2870
2871
2876
2884
2885
2888
2889
2890
2891
2892
2893
2895
2896
2898
29
2902
2903
291
293
295
298
299
3
300
301
302
309
31
310
311
312
313
315
317
319
32
320
321
324
328
329
330
331
332
333
334
335
338
339
34
340
341
342
343
344
345
348
349
351
352
353
355
356
357
358
359
36
361
3616
3622
3624
3625
3626
3627
3629
363
3631
3632
3633
3634
3635
3636
3637
3639
3640
3641
3642
3644
3645
3646
3647
3648
3649
365
3650
3651
3653
3654
3655
3657
3658
3659
366
3660
3662
3663
3665
3666
3668
3669
367
3670
3671
3672
3673
3674
3675
3676
3679
3682
369
37
370
372
373
374
377
379
380
381
382
385
386
388
389
39
390
391
392
393
394
395
396
398
399
4
40
400
403
404
406
407
408
409
41
410
414
415
416
417
418
419
42
421
422
423
424
426
427
428
429
43
430
431
434
435
436
437
439
440
441
442
443
444
446
447
448
449
45
450
452
455
456
457
459
46
461
463
464
465
467
469
47
471
472
474
475
476
477
478
48
480
482
484
487
488
489
49
490
491
493
494
495
497
498
502
503
506
508
51
512
514
515
516
518
519
520
521
522
524
525
526
527
528
529
53
531
533
536
537
539
54
542
544
545
546
548
549
552
553
555
556
557
558
56
561
562
563
565
566
567
568
569
570
571
572
573
575
576
577
578
579
581
582
583
585
587
588
589
590
592
593
594
597
598
6
60
601
603
605
607
608
609
61
610
611
612
613
614
615
616
618
620
622
623
625
627
629
63
630
632
633
635
637
639
64
641
642
643
645
646
647
648
649
65
651
653
654
655
656
66
660
662
663
664
665
666
668
669
67
670
671
672
673
674
675
676
677
68
680
681
682
683
684
685
686
687
688
69
690
692
693
694
697
7
70
700
702
704
705
707
708
709
710
711
713
714
718
719
72
720
721
722
723
726
729
73
730
732
733
737
74
741
742
743
745
746
747
748
749
75
750
751
753
754
755
757
758
761
762
764
765
766
767
769
77
770
772
773
774
775
776
779
78
780
781
783
785
786
788
789
79
790
791
793
796
799
80
800
801
802
805
807
808
809
81
810
813
814
817
818
819
820
821
823
824
825
827
828
829
83
830
831
832
833
835
836
838
839
840
841
847
848
85
850
852
853
855
856
859
86
860
861
862
863
864
865
867
868
869
87
873
874
875
876
877
878
879
881
884
885
886
887
889
89
890
891
892
895
896
897
9
90
901
905
906
907
908
910
912
913
915
916
918
92
920
921
923
924
925
926
928
929
93
931
932
933
935
936
938
939
94
940
941
942
943
944
946
95
951
955
956
957
958
959
960
961
962
963
964
966
967
968
97
970
971
973
975
977
978
979
98
980
981
982
984
985
986
987
988
989
99
990
991
992
995
997
998
999
